4294967279,111
4294967279,110
4294967278,278
4294967279,253
4294967278,258
4294967279,526
4294967279,116
4294967279,115
4294967279,114
4294967279,113
4294967279,112
4294967278,257
4294967279,525
4294967278,330
4294967279,524
4294967278,331
4294967279,551
4294967279,252
4294967278,378
4294967279,521
4294967279,516
4294967279,120
4294967279,119
4294967279,118
4294967279,117
4294967278,377
4294967279,549
4294967278,351
4294967279,565
4294967278,254
4294967279,548
4294967278,350
4294967279,250
4294967278,250
4294967278,248
4294967279,122
4294967279,121
4294967278,237
4294967278,236
4294967278,234
4294967278,233
4294967279,125
4294967279,124
4294967279,123
4294967278,225
4294967278,217
4294967279,132
4294967279,131
4294967279,130
4294967279,129
4294967279,128
4294967279,127
4294967279,126
4294967278,347
4294967278,18
4294967278,17
4294967278,16
4294967278,15
4294967278,14
4294967278,13
4294967278,12
4294967278,11
4294967278,10
4294967278,9
4294967278,8
4294967278,7
4294967278,6
4294967278,5
4294967278,4
4294967278,343
4294967278,324
4294967278,204
4294967278,202
4294967279,202
4294967278,62
4294967278,61
4294967278,60
4294967278,58
4294967278,57
4294967278,56
4294967278,55
4294967278,53
4294967278,52
4294967278,49
4294967278,48
4294967278,47
4294967278,46
4294967278,297
4294967278,45
4294967278,44
4294967278,43
4294967278,42
4294967278,41
4294967278,296
4294967278,40
4294967278,39
4294967278,295
4294967278,38
4294967278,37
4294967278,335
4294967278,36
4294967278,35
4294967278,34
4294967278,33
4294967278,32
4294967278,292
4294967278,31
4294967278,30
4294967278,291
4294967278,29
4294967278,306
4294967278,28
4294967278,27
4294967278,26
4294967278,25
4294967278,24
4294967278,23
4294967278,22
4294967278,21
4294967278,20
4294967278,19
4294967279,86
4294967279,83
4294967279,80
4294967279,77
4294967279,75
4294967278,201
4294967278,200
4294967279,200
4294967278,199
4294967279,199
4294967279,198
4294967279,197
4294967279,196
4294967279,195
4294967278,194
4294967279,194
4294967279,193
4294967279,78
4294967278,357
4294967279,190
4294967279,188
4294967279,187
4294967294,1418
4294967279,186
4294967279,72
4294967279,569
4294967278,318
4294967279,71
4294967279,313
4294967278,372
4294967279,312
4294967279,182
4294967278,317
4294967279,181
4294967278,180
4294967279,180
4294967279,179
4294967279,178
80,5
80,4
4294967279,177
80,3
80,2
80,1
4294967279,567
4294967278,176
4294967278,59
4294967278,173
4294967279,173
4294967278,172
4294967278,383
4294967279,172
4294967278,171
4294967279,171
4294967278,170
4294967279,170
4294967278,169
78,4
4294967279,169
78,3
78,2
78,1
4294967279,307
4294967278,168
4294967279,168
4294967278,167
4294967279,165
4294967278,54
4294967278,166
4294967278,355
4294967279,555
4294967278,165
77,6
4294967278,50
4294967278,162
4294967279,164
4294967279,533
4294967278,51
4294967278,381
4294967278,337
4294967279,163
77,5
4294967278,161
4294967278,160
77,4
4294967279,160
77,3
77,2
77,1
4294967279,304
4294967279,159
4294967279,155
4294967279,156
4294967279,290
76,5
4294967279,154
76,4
76,3
76,2
76,1
4294967279,152
4294967279,289
4294967279,572
4294967279,146
75,5
4294967279,144
75,4
75,3
75,2
75,1
4294967279,143
4294967279,141
4294967279,286
4294967279,140
74,5
4294967279,138
74,4
4294967279,272
74,3
74,2
74,1
4294967279,285
4294967279,136
4294967294,386
4294967278,387
4294967279,534
4294967279,283
4294967279,271
4294967279,270
4294967279,282
4294967294,468
4294967294,392
4294967294,393
4294967294,388
4294967279,277
4294967279,296
4294967279,295
4294967279,257
4294967279,256
4294967279,255
4294967279,254
4294967278,386
4294967279,326
4294967278,379
4294967278,367
4294967279,325
4294967279,538
4294967278,329
4294967278,352
4294967278,256
4294967278,328
4294967278,255
4294967294,902
4294967278,326
4294967278,327
4294967294,76
4294967294,107
4294967294,91
4294967294,87
4294967294,85
4294967294,397
4294967294,396
4294967294,948
4294967294,177
4294967294,420
4294967294,385
4294967294,919
4294967294,183
4294967294,167
4294967294,414
4294967294,405
4294967294,160
4294967294,119
4294967294,390
4294967294,456
4294967294,453
4294967294,53
4294967294,45
4294967294,44
4294967294,40
4294967294,37
4294967294,39
4294967294,42
4294967278,252
4294967278,253
4294967278,325
4294967279,69
4294967279,67
4294967279,66
4294967279,64
4294967279,63
4294967279,60
4294967279,58
4294967279,56
4294967278,251
4294967278,249
4294967278,246
4294967278,244
4294967278,242
4294967278,241
4294967294,30
4294967294,61
4294967278,238
4294967294,436
4294967294,43
4294967294,416
